Koszt,Trasa,Czas (ms)
2374,"0 25 1 9 33 27 28 3 4 29 30 5 6 24 10 8 32 7 31 11 18 17 36 14 16 45 20 38 37 40 47 26 22 41 43 42 2 19 44 15 35 34 13 46 23 12 39 21",0
2370,"1 9 33 27 28 3 4 29 30 5 6 24 10 8 32 7 31 11 18 17 36 14 16 45 20 38 37 40 47 26 22 41 39 21 43 42 2 19 44 15 35 34 13 46 23 12 0 25",4
2369,"28 3 4 29 30 5 6 24 10 8 32 7 31 11 18 17 36 14 16 45 39 21 43 42 20 38 37 40 47 26 22 41 2 19 44 15 35 34 13 46 23 12 0 25 1 9 33 27",28
2360,"29 30 5 6 24 10 8 32 7 31 11 18 17 36 14 16 45 39 21 40 47 26 43 42 20 38 37 22 41 2 19 44 15 35 34 13 46 23 12 0 25 1 9 33 27 28 3 4",56
2359,"30 5 6 24 10 11 8 32 7 31 18 17 36 14 16 45 39 21 40 47 26 43 42 20 38 37 22 41 2 19 44 15 35 34 13 46 23 12 0 25 1 9 33 27 28 3 4 29",73
2336,"5 6 24 10 11 8 32 7 31 18 17 36 14 16 45 39 21 40 47 26 42 43 20 38 37 22 41 2 19 44 15 35 34 13 46 23 12 0 25 1 9 33 27 28 3 4 29 30",81
2315,"6 24 8 32 7 31 18 17 36 14 16 45 39 21 40 47 26 42 43 20 38 37 22 41 2 19 44 15 35 34 13 46 23 12 10 11 0 25 1 9 33 27 28 3 4 29 30 5",85
2301,"6 18 17 36 14 16 45 39 21 40 47 26 42 43 20 38 37 22 41 2 19 44 15 35 34 13 46 23 12 10 11 0 25 1 9 33 27 28 3 24 8 32 7 31 4 29 30 5",136
2260,"18 17 46 36 14 16 45 39 21 40 47 26 42 43 20 38 37 22 41 2 19 44 15 35 34 13 23 12 10 11 0 25 1 9 33 27 28 3 4 29 30 5 6 24 8 32 7 31",136
2210,"36 14 16 45 39 21 20 38 37 40 47 26 42 43 22 41 2 19 44 15 35 34 13 23 12 10 11 0 25 1 9 33 27 28 3 4 29 30 5 6 24 8 32 7 31 18 17 46",154
2196,"38 37 40 47 26 42 43 22 41 2 19 44 15 35 34 13 23 12 10 11 0 25 1 9 33 27 28 3 24 8 32 7 31 4 29 30 5 6 18 17 46 36 14 16 45 39 21 20",157
2187,"37 47 26 42 43 22 41 2 19 44 15 35 34 13 23 12 10 11 0 25 1 9 33 27 28 3 24 8 32 7 31 4 29 30 5 6 18 17 46 36 14 16 45 39 21 40 20 38",270
2170,"2 41 19 44 15 35 34 13 23 12 10 11 0 25 1 9 33 27 28 3 24 8 32 7 31 4 29 30 5 6 18 17 46 36 14 16 45 39 21 40 20 38 37 47 26 42 43 22",279
2153,"2 41 19 44 15 35 34 13 23 12 10 11 0 25 1 9 33 27 28 3 24 8 32 7 31 4 29 30 5 6 18 17 46 36 14 16 45 39 21 40 20 38 37 47 26 42 22 43",283
2094,"19 44 15 35 34 13 23 12 10 11 0 25 1 9 33 27 28 3 24 8 32 7 31 4 29 30 5 6 18 17 46 36 14 16 45 39 21 40 20 38 37 47 26 42 2 41 43 22",337
2083,"19 44 15 35 34 13 23 12 10 11 0 25 1 9 33 27 28 3 24 8 32 7 31 4 29 30 5 6 18 17 46 36 14 16 45 39 21 40 47 26 42 2 41 43 22 20 38 37",614
2077,"34 23 12 10 11 0 25 1 9 33 27 28 3 24 8 32 7 31 4 29 30 5 6 18 17 13 46 36 14 16 45 39 21 40 47 26 42 2 41 43 22 20 38 37 19 44 15 35",1126
2052,"25 1 8 32 7 31 9 33 27 28 3 24 4 29 30 5 6 18 17 13 46 36 14 16 45 39 21 40 47 26 42 2 41 43 22 20 38 37 19 44 15 35 34 23 12 10 11 0",1296
2042,"1 11 8 32 7 31 9 33 27 28 3 24 4 29 30 5 6 18 17 13 46 36 14 16 45 39 21 40 47 26 42 2 41 43 22 20 38 37 19 44 15 35 34 23 12 10 0 25",1319
2016,"1 11 8 32 9 33 27 28 3 24 4 29 30 5 6 18 17 13 46 36 14 16 45 39 21 40 47 26 42 2 41 43 22 20 38 37 19 44 15 35 34 23 12 7 31 10 0 25",1348
1973,"1 11 8 9 33 27 28 3 24 4 29 30 5 6 18 17 13 46 36 14 16 45 39 21 40 47 26 42 2 41 43 22 20 38 37 19 44 15 35 34 23 12 32 7 31 10 0 25",1601
1966,"11 8 9 33 27 28 3 24 4 29 30 5 6 18 17 34 13 46 36 14 16 45 39 21 40 47 26 42 2 41 43 22 20 38 37 19 44 15 35 23 12 32 7 31 10 0 25 1",2269
1943,"28 3 24 4 29 30 5 6 10 0 25 1 11 18 17 34 13 46 36 14 16 45 39 21 40 47 26 42 2 41 43 22 20 38 37 19 44 15 35 23 12 32 7 31 8 9 33 27",2656
1921,"25 1 11 18 17 34 13 46 36 14 16 45 39 21 40 47 26 42 28 2 41 43 22 20 38 37 19 44 15 35 23 12 32 7 31 8 9 33 27 3 24 4 29 30 5 6 10 0",2781
1904,"0 25 1 18 17 34 13 46 36 14 16 45 39 21 40 47 26 42 28 2 41 43 22 20 38 37 19 44 15 35 23 12 32 7 31 8 9 33 27 3 24 4 29 30 5 6 10 11",3322
1898,"34 13 46 36 14 16 45 39 21 40 47 26 42 28 2 41 43 22 20 38 37 19 44 15 35 23 12 32 7 31 8 11 0 25 1 9 33 27 3 24 4 29 30 5 6 10 18 17",4158
